72855
71743
70401
37873
28587
76010
10953
05257
12910
27839
30013
53521
17014
13641
95981
63014
14821
61774
66514
68901
49945
61341
02896
39307
65236
57718
97819
24471
62044
45651
37604
33312
42732
17747
39202
92233
66050
34234
36026
04462
27596
68154
02364
68447
30460
35462
53015
56214
23039
21204
14033
41773
24246
38644
49705
37701
53051
54618
60422
02557
80487
27544
01984
19108
68044
24317
56368
61520
46967
64630
25401
19345
27576
44827
05742
15212
59901
06716
37745
61453
01258
67301
90089
36511
33496
44484
95449
64470
66070
17088
63852
47368
50025
79201
49126
55409
65067
39322
23423
55116
47865
57782
38556
38954
12887
13669
54459
61532
62974
49683
65542
73016
04843
16864
49713
07504
30145
36266
62850
13814
68324
28204
42408
60098
61410
51555
13329
49534
29160
70124
15350
38622
08203
56332
65461
60470
03867
19550
48741
27212
52536
69156
45069
54729
61606
51014
01129
38224
47040
12077
39503
39573
51444
03770
10036
12435
21117
20779
71286
17853
71666
20124
08853
26301
15696
85137
52147
06614
15942
99676
43944
23304
57053
02330
25306
23150
64062
42054
44274
44251
44814
39452
60641
67218
21409
53219
02128
13210
34947
39082
56140
72211
44138
68134
20036
97215
60106
70501
56576
70806
28391
30218
41513
47467
62821
29075
70344
49264
74342
42519
87736
61328
60429
59934
35579
29329
90254
14732
29732
73542
63785
28325
46615
13676
23801
40862
34679
08046
62421
04541
22180
75417
62987
20591
04910
55706
57073
54944
59401
84657
43346
03110
34108
64763
70352
48832
72662
29377
59082
55055
78843
33463
90745
12823
40351
64474
67516
10980
87753
33484
25387
62858
38359
21228
04939
45881
10065
68333
35645
45764
30016
41745
46747
30629
00976
16693
04574
24578
92883
74641
44849
61516
82242
32359
63026
06268
33430
96054
27879
26662
64130
51338
36617
63829
62612
19140
68022
68787
73951
94503
54566
55929
25168
61021
60946
15315
49445
16041
39325
45349
03819
12859
72835
00714
68752
64874
10545
37892
27885
30705
23437
33025
34746
34140
06351
39179
04062
20625
51459
02110
76543
61379
44313
39885
12205
58218
34221
61115
77901
59244
32218
04681
37877
52302
52654
19083
73659
35179
06475
22406
49849
07641
14081
61832
15647
27937
28331
25651
18012
31516
31555
46786
59351
36922
39656
51060
64167
68028
62875
61025
68654
31085
35208
04352
59219
54986
42442
55020
44141
20003
29030
76650
43468
66094
51201
25864
90017
46510
27311
65723
07508
87501
44126
72207
66732
20816
70533
68046
04556
04265
07719
36107
08072
73432
67030
45690
67132
98528
60180
52248
72687
55912
21240
65714
60184
73520
20611
29114
32214
17814
65240
07740
54173
13480
62952
74463
72114
86401
51447
67105
37753
67049
13123
28350
02889
38701
42326
64035
18446
54871
71071
24943
75238
72554
14787
56221
68178
29536
62443
30904
40108
13433
52588
53040
22989
53594
26184
18929
34472
58627
06413
57640
40801
06880
99850
22624
42566
56731
35619
46076
40050
68367
28025
67023
79052
95236
17255
27897
18058
43529
47231
12153
12543
25839
39160
72315
73639
48033
93451
19964
60953
54436
17861
40940
62534
55311
48917
15147
13315
43506
33825
74053
55949
00741
57451
69033
14527
93721
58369
67854
00670
74830
70722
65001
35754
25526
68112
69343
61438
36792
71330
36543
12159
43548
35481
64022
51046
38725
11941
65611
25159
51007
66101
95116
15701
13034
43540
07041
48145
36518
28244
07822
24504
68318
17930
13471
37882
47371
47977
62667
50431
21017
28673
12020
23409
48888
72053
39755
17247
34465
47861
62095
28579
44503
50147
73729
19809
48180
53404
15951
43128
65712
44080
05830
06758
39092
41719
19317
28432
43754
43224
16416
52657
04435
62250
61331
24714
45814
44427
15732
68724
10803
20616
24101
67124
25871
58424
14522
82838
59263
27806
48891
62313
47905
33867
40140
42024
36436
23960
25071
50250
49325
10128
74946
51501
29128
58105
52742
64847
58225
72374
63557
22734
63332
99576
30541
46814
29659
61777
46501
50325
24637
58575
40023
97141
62201
45817
13408
66773
02724
31803
68875
27326
48883
45685
55969
27249
39360
15676
04652
55121
28441
28337
50471
39470
33165
44890
72751
37391
75211
17867
10925
68822
47223
50432
08319
29545
41701
50057
49051
18321
05843
30068
46759
42420
06418
65278
58317
66024
05052
06870
62633
65043
49621
06471
67341
45227
36567
20137
32693
37216
97007
52776
62513
71742
21872
78618
06018
19609
52310
48911
73753
38626
43935
38052
37615
12950
13602
72118
35244
12202
12045
23459
36529
12919
13101
21160
53128
01040
14827
53507
13364
75630
32683
17935
01965
44626
01107
32639
39668
38069
63466
14724
63136
47615
72858
15828
11710
12404
14167
32808
71029
70529
33019
34475
29546
53582
20020
45242
67563
67020
27559
68658
07645
16659
30427
23950
54246
57465
70443
04491
72047
25818
74115
64676
71250
30411
12450
21758
61610
46135
27299
64843
29664
45336
60459
63461
83814
64098
32147
69125
50548
97070
02863
30236
75033
26412
65051
40915
24736
05491
72668
28748
32836
56671
33157
74073
78220
22657
38920
31067
27858
57436
85032
61027
21286
57737
18222
04281
97030
53018
30816
72426
57572
59044
65076
23416
27012
93313
04922
54921
46115
69367
70757
38112
16344
58040
30413
50523
04455
76680
57216
72564
15547
37204
46732
25287
60047
12424
75650
67135
35221
65261
18372
49802
88434
67559
20194
07932
15359
75134
74852
17339
84003
62311
02816
53937
17923
18351
26865
72034
72473
07718
50169
47201
11776
70802
65486
01375
43512
70819
06405
41861
28043
33449
42330
68776
50228
43812
71921
53910
54423
57332
14012
57752
52721
37403
14824
07935
73529
43156
12828
62550
48615
32966
03585
41635
60043
12765
69217
54971
45434
18212
40061
61425
32303
62446
20662
19124
46172
52066
15956
06370
05901
73010
38106
18933
73004
40111
43845
58271
60548
34677
77615
63139
38235
44720
22935
50594
48027
04685
35406
28801
06426
43302
44108
13326
20705
28036
11421
30019
32140
57261
66711
74002
28169
66549
53059
63436
55760
29728
74854
18102
66224
42758
60133
25109
99608
66544
50213
16421
38671
51578
12979
14206
50605
33161
02601
36756
68508
03832
35896
65354
28421
43357
64128
28383
60464
75423
13120
72130
10021
20708
40171
10520
60461
31532
73724
62655
28213
14545
04693
08079
92369
08009
78358
14224
56123
74347
98445
48734
33326
55784
54529
31630
26680
32960
74456
16201
72035
16212
37172
93260
39336
28668
34288
39429
62898
53190
77450
57341
83548
72425
27531
57520
61705
54862
15334
24219
63663
62884
07047
08536
59828
21207
04017
67838
41849
74471
68346
36555
45414
06021
01522
78701
24076
14173
53149
78583
25511
17314
34266
35501
02893
30673
08056
55443
31089
14858
49690
06237
21034
48393
23188
02804
41317
49649
62893
36605
24572
61473
30127
40058
61822
77855
32656
36319
57466
18032
60931
22438
55070
53946
45865
24867
08742
14454
38547
43113
15475
36507
65069
15425
62284
48849
30118
10173
06702
70615
07730
75062
04915
80134
28653
58833
45066
35054
28645
70522
07410
22201
36832
25064
72445
40145
80124
04097
17323
28424
43928
14027
74032
27915
33547
28378
04234
12456
43320
01951
26624
51648
56637
58366
03285
23608
18248
38370
12903
66864
35473
17202
63637
87021
32084
15430
26039
24058
02421
78116
64016
65462
19523
57469
53528
66872
58477
02026
54207
03243
23120
63541
19511
13690
45644
50638
59260
99361
68710
12183
00773
20776
56056
12067
35981
72683
79706
10462
74457
67743
37013
03273
28450
12961
58277
47950
40162
27511
00646
66211
56510
07016
31308
54926
72178
54137
82714
07088
25025
40445
55797
28137
60974
24898
33980
10580
17110
08107
63020
49512
67473
08260
56652
65054
49328
49116
31747
61741
57794
26056
30813
50451
43523
03902
07065
46534
56256
30582
61615
72347
60544
92278
15756
34224
66083
43067
56543
01966
45855
07601
43153
76201
57651
84765
27017
28543
79346
08858
59631
43961
88352
62861
68846
67747
75470
79416
60551
68941
94303
04472
10165
39459
29303
13063
40444
06241
04655
36525
19607
28124
46524
06468
08110
46382
49927
41612
02740
67739
07417
34607
48820
06111
30157
41526
24828
27411
37207
53024
14614
57541
33810
32043
36442
67152
76021
72141
01876
56181
74538
53929
63675
59025
15483
77412
41360
06415
24132
84734
61091
49776
23821
29525
74653
31408
36263
68360
05464
27551
74083
11726
41566
57571
86510
96858
16327
75944
46259
43017
60560
95436
27215
33592
47568
08108
77586
28012
73703
43117
71749
48206
06385
39069
42256
15001
74547
01084
14092
68502
51552
24459
52621
45674
21864
46373
66854
12738
28512
74552
78723
10459
86046
33543
47612
21629
57349
20712
52308
23389
38259
30457
13450
50163
67442
63744
16667
50156
72417
66940
99320
02838
92336
02030
58343
33034
51461
73673
56737
03227
64086
21032
53703
67102
63670
63115
44853
07830
21532
24927
35774
17364
54489
60621
29609
44082
87830
63952
43571
11569
13468
15144
74936
52330
59257
67632
24102
11754
19341
47858
24976
34452
38135
61067
50141
21085
30450
22427
03461
06098
38571
18036
03844
03445
54004
96080
46155
71720
47126
59489
32312
04936
17066
68527
30290
73622
56110
17006
48322
52750
05034
54430
54942
64672
74940
11964
01745
71260
23488
28160
42343
87554
46931
41828
60432
57442
01364
48470
04947
17550
24857
23924
17774
20636
65246
03904
63939
43360
24311
44144
68403
70774
56141
42368
22952
57632
26146
54017
69046
26575
73127
43219
27569
20689
13740
64682
63823
60007
62305
71663
24440
59482
48610
95634
68031
60962
67417
71008
03752
17957
22041
74012
14036
04860
16825
13146
35147
67447
89008
14043
72936
21811
39560
50520
27850
44660
19012
60051
54835
51558
44460
55768
47042
40827
27855
22308
31645
54850
06076
01970
62265
53003
70639
30082
46807
66202
67566
65286
67349
62649
24328
49920
12781
69023
72014
15229
95646
26419
25936
57701
17518
58079
33619
05751
98025
57021
29072
74745
08518
71340
27239
60956
62009
97204
59866
33770
16546
70534
15722
30531
56052
01069
25534
46723
16843
34103
07950
29634
70611
01081
56482
56323
54177
22718
93522
61563
10468
13142
73848
54449
91708
47942
72075
28086
63124
46056
43780
66429
29646
59274
43201
30124
52738
28409
98368
03246
70786
47557
85206
17370
68430
54874
70117
28741
58572
51049
60917
12581
73134
37210
33930
56160
04422
15923
12131
92203
62896
60541
70355
55775
74333
11020
28779
64127
33973
61560
63353
34729
50854
60938
65483
67550
14303
33330
54913
58356
33952
30349
01474
06798
96130
40902
36277
68631
28772
61362
94526
45844
47337
32431
33042
85934
67640
42726
53926
15416
62473
71360
14747
06515
36801
46952
33967
43314
54732
71972
35622
29565
27981
36613
37854
72156
10471
31554
37814
65556
02828
14619
93646
15450
19121
47359
47574
48225
16230
56239
14867
37181
03824
10535
44856
56176
45735
72072
35213
60948
18830
16673
22401
30565
19311
10577
84515
85342
21830
01001
43612
50073
02462
22003
57362
57791
70127
11433
75759
16943
52544
24816
16322
14620
41073
41642
01223
46982
58452
29118
16403
49084
67070
68418
00650
36046
30060
83406
66440
93610
75103
06354
00924
44054
12504
04769
06374
93205
49442
63091
34216
02822
46206
54466
02445
49287
55395
68039
47635
55378
71024
43001
47325
46342
16921
37219
16156
13863
72227
03293
56438
30248
36322
63443
66943
73044
29067
43609
05142
14815
67674
05824
45304
03604
15534
81233
31721
62537
12809
19950
92021
47012
54114
29323
66214
44065
60651
71037
72704
62854
33069
63031
16845
11411
69201
37356
71357
10014
23923
46943
23103
19017
46039
12544
87059
04966
37865
55076
56550
40055
43761
27882
61065
14041
53575
54401
48467
89442
33847
62028
14812
72658
83120
49616
21539
34996
58064
27568
71006
24361
28092
53157
27540
45877
48652
99665
44678
43940
34491
58773
21144
19810
40359
55941
60155
21216
52571
05448
23847
29639
72359
52235
59812
32328
62459
58487
62828
19507
69144
50515
83235
43014
63146
21662
34652
44064
49548
73436
04613
60445
10941
52765
81615
62237
72341
34110
32311
62703
06059
43725
08901
50420
32250
15051
07701
67005
06812
24597
41547
35441
45040
66713
00968
55032
41815
28677
07201
10170
26338
07470
33189
62919
42056
23824
56227
06338
25414
64857
66501
60034
50636
02872
64458
38329
48109
58711
68955
92557
75150
19015
32535
95565
39422
14428
33185
56309
75229
41250
71753
55933
67212
56014
12577
15427
43804
49953
10976
21801
64646
46158
49115
61919
41055
74501
56750
43160
46789
15521
24174
35660
59250
42131
35183
31789
64761
39040
65704
39189
33909
45319
29585
57479
59006
54812
75287
68379
75844
23976
38619
06331
17252
98541
57238
38342
45102
32780
44714
28018
38253
68828
19087
50239
48096
49930
62701
91752
28555
14517
20902
77059
16364
48823
98569
24634
30721
38060
70463
71945
41602
32605
49648
59031
73503
28411
05461
61313
04289
50612
10924
07981
29724
02831
15065
38685
31047
29593
30648
03816
17760
59804
66087
12865
15920
36340
44307
32442
20850
44087
15736
20144
64720
90275
60564
33304
00927
41045
59633
58480
71371
00780
37301
22567
33606
46176
71222
20764
56721
17872
49884
63538
81424
70373
21679
64487
95385
60176
56359
47246
41039
45724
03809
13053
54974
13626
01721
04849
65274
23665
11212
35077
65663
31061
55736
19127
16820
15067
56270
13314
73628
08731
29054
30456
52060
39166
65656
48161
32164
32819
71002
02813
16745
36732
03043
20198
49256
06071
53118
15905
80729
07481
91941
31738
30028
08848
00698
74864
28501
01810
42746
47018
96094
45360
54734
27408
70550
50247
52584
00606
49073
66735
29464
66615
78007
69162
02879
54130
72365
14202
95207
74736
56152
29714
31906
72641
15044
47872
62544
27828
37756
54235
97266
97721
59644
63468
65470
04001
04643
07108
47460
44092
27615
48655
79022
17830
43604
18616
21542
11780
16024
68858
52535
20148
49070
11954
63653
51520
71473
75482
44270
18452
45308
41640
59803
08820
62413
24439
14201
56310
10167
12515
40829
13901
35401
59066
04617
15926
16631
84015
02660
55803
71422
32829
30168
76504
55052
40874
44444
60514
14701
68122
43060
47958
08215
65807
59926
13692
20745
33012
56521
56287
87415
43974
25567
34484
27536
02894
70094
26143
46960
11218
74523
78642
13037
31565
84780
28398
26815
46978
54889
10305
14057
33872
38039
41076
50257
56157
31815
16475
32908
46986
95019
12058
78342
05673
55421
55752
32405
32807
22030
19731
04773
24079
46150
00682
68108
28355
16509
54830
94102
25119
39088
39476
26202
47850
03812
75402
55353
62881
57714
12110
02575
51564
63535
30260
31015
63747
29626
74881
24401
58262
24093
04430
19120
84401
18632
58849
17560
33144
46013
66251
67644
42350
38736
68438
59912
41647
21634
28032
55722
26574
58641
17237
02670
12778
41003
50460
61051
58503
08805
48382
44703
95358
70050
72137
48304
61232
22714
21890
29073
51022
63631
51240
16101
54102
60026
62912
41146
71479
47847
72521
55041
74114
37820
74949
49338
00677
54844
52411
13618
58736
48532
31082
72429
35175
07077
72038
36446
72802
15847
42410
73079
68523
62803
20765
63820
05031
07105
77069
39111
61862
66220
71416
08039
36720
55319
24066
36420
02474
37660
41033
60154
21638
48853
22637
66770
19365
21930
62554
68335
31763
17584
55940
21229
46989
47637
19564
62018
36273
62077
63846
61252
13310
72631
56387
52070
62084
50530
62922
30410
61281
68352
71999
01540
30120
52337
74047
44320
61314
62471
05076
31002
55781
60586
04674
21734
44119
72199
24557
43457
42376
47969
54479
67481
68337
50538
06422
23223
57337
66403
54511
47334
72534
24354
32136
23181
36904
53968
02559
45771
00623
32899
56434
49504
51063
13777
05731
71929
42040
47240
27023
77831
50042
31328
51024
15638
63532
47433
59743
57568
07620
11793
45688
15447
37122
18621
12763
66534
18354
15368
52568
68381
24479
95136
23063
46033
37419
59254
61337
29912
54929
75550
52220
53813
98647
29827
71355
56146
52142
11722
61442
96819
12041
84723
66078
01462
10279
12054
12983
49762
36535
76877
13452
68410
47838
89496
06062
45054
12850
02841
18438
22539
47234
68376
70592
49744
73947
14120
95612
59241
53001
49411
00784
49640
67647
12853
74459
56446
23068
37385
60419
48850
75044
26162
63782
05847
10913
29687
33567
56080
28356
62002
12117
48157
05676
58771
21757
99721
42130
38313
53597
44095
14424
17536
98606
64052
56544
16506
85613
08092
23505
25152
58103
00911
72326
05404
10314
42045
48021
58362
00950
03032
74437
27256
55017
70583
44629
68364
21623
73557
62297
71468
08063
10507
02769
52341
07642
22835
22102
12981
28368
01830
81403
45168
97348
10528
62965
24147
18623
44441
50050
64453
21133
32306
61071
77573
18851
28006
06704
72107
70462
68728
49002
38859
48329
57235
29468
72842
53065
12916
54159
24016
72714
72372
03882
29479
39824
61349
20418
11360
50003
31028
44690
28553
49094
60136
72761
72852
58496
21042
60458
26619
59740
61735
57249
02746
69130
68818
50144
55317
51601
59425
44838
03833
75559
05253
13757
88041
06518
59448
69357
14840
68854
05664
18917
22810
49880
61310
17264
20656
26271
13305
21153
76476
10512
97117
57312
16689
05048
65753
70518
50842
53081
43606
76864
36064
28312
38564
36908
57028
05758
56670
67505
06043
35592
65635
67526
06825
45832
07803
34952
44705
75251
25051
85542
86545
77504
39832
74103
97455
15560
28463
05158
33803
46947
54868
01503
06060
10027
65449
07514
44123
78240
28556
30328
30309
59848
46120
37097
57104
65762
62351
68327
73544
18424
58036
30152
26611
63367
24272
50067
37360
23229
25438
48618
03784
13810
33056
49887
31716
08086
77440
71960
64765
44682
45342
23175
42320
59052
14760
11374
74080
67107
56319
05853
48862
11702
37412
61108
33411
02738
59063
47111
37047
30625
65039
53531
64139
63441
73931
75126
46111
13340
23076
59854
42049
16651
56529
00687
64624
57365
31711
94514
33838
56091
02860
28627
57759
14131
32826
66205
52574
76579
33950
31070
01226
25134
43920
55309
88323
37665
46796
37341
63143
72073
45788
10039
15412
34786
44420
17017
15461
46075
48747
60482
66868
26161
61859
66618
70435
70537
56594
74060
50533
63645
34974
07628
67156
62536
63074
33955
11972
12167
75693
70631
69167
21678
45646
32332
56649
95341
23462
73572
17320
32669
50467
22741
27969
74760
76351
28516
38012
45654
47340
06380
62930
37308
46405
45783
64728
62239
19148
01879
66536
79538
49010
50468
24150
17401
53185
47535
85320
31606
57787
43766
68422
24613
04737
74957
21746
44235
37810
60617
14609
04961
33308
37032
61815
04573
19103
19604
10901
15312
62969
74722
58765
12036
32221
48874
62060
68780
50457
38472
73159
52073
61865
55386
72027
63565
75092
73107
43903
72768
69212
52165
94806
68869
79601
25820
21225
62436
04612
50078
23930
40379
23707
16354
78066
75672
42151
64124
54106
45356
50565
74601
30046
54758
10968
56291
72111
75157
28606
44057
17847
63955
35068
03036
78405
16110
62074
13803
49727
24201
46506
60950
74837
35033
22066
32746
28804
13072
49080
77660
75431
07757
37213
50628
57271
32054
81221
85739
34453
32730
88268
62255
05602
50647
52531
78608
15217
73099
29576
25180
67422
10570
67444
56756
80820
37188
73029
99030
44672
58529
72839
54952
75235
06807
40216
65729
37880
07726
20180
46143
48428
27837
64443
33597
34668
32952
68301
64745
71235
10605
33493
56385
88124
84107
12061
96039
52777
12083
56573
54545
55060
14051
29501
50619
32055
14127
21782
63127
52320
68714
27949
02642
30639
30096
60012
31220
56547
28533
23883
39842
76401
47324
15030
45051
47469
27248
42240
49047
39762
14891
10016
00983
00659
18018
53942
62401
80231
01104
13135
58422
52255
70747
45301
34737
27813
24283
37715
42603
17347
55919
53207
60448
12955
46404
48073
01434
57258
02131
06096
24014
41234
37329
16342
99117
10985
28134
68872
74023
07847
43221
12943
65258
03240
52217
72833
05736
53534
41142
54843
34289
08828
37729
24935
37722
52630
62617
15462
54441
47348
68532
41175
08032
37339
11370
87347
73013
27027
59755
46748
60517
53034
48827
58716
35171
04341
48609
21029
59524
85623
12926
20711
21717
25259
38122
15748
34956
68864
02152
32117
95920
32463
34689
30030
18823
41271
33004
25962
55357
71642
32763
71857
72024
75215
35080
32257
52561
41760
55104
25140
08224
13784
61450
33868
58327
75791
53511
24601
71378
56013
74470
61925
43231
56379
74842
54615
23225
33936
51465
35966
38922
51632
08016
17750
47305
61812
38127
20540
32224
59837
83854
59441
56477
54456
74059
63545
32026
63021
51035
05873
36038
37153
25427
60634
58723
32530
65216
61373
34137
27985
39479
41425
27350
41464
63042
17885
29146
37830
42206
52031
74546
71942
66207
75089
45015
28362
73553
48441
93581
16731
20520
67756
47353
46601
28372
23486
67841
34442
32547
28768
61428
61480
08317
50070
52550
49331
74447
46574
49012
70764
14774
58530
56243
11102
74366
26627
36078
04923
12572
25696
72442
08724
76054
60173
62208
38623
07608
11249
37861
42716
69169
62959
67017
11779
98232
50243
72460
32034
43140
45239
50265
22454
57025
22472
32097
71253
25114
10304
38569
35752
80862
50056
48438
01034
24823
01775
16611
37870
68042
51363
45505
10919
15763
48059
78959
08886
30446
50229
46376
67513
72021
23220
27962
25123
07435
50206
41408
68958
53153
12749
79748
52801
14536
30710
62360
58002
54412
73739
16222
30306
32420
98830
32435
68415
37376
38866
50554
72638
07020
32323
31411
55101
13244
45678
60140
95661
30002
32697
17304
28439
43842
38774
56673
12965
17835
55936
59935
01607
97467
11560
23693
77991
39071
57475
73852
04071
59535
33149
98345
48859
13651
43207
24269
18085
71860
13680
67650
30529
16226
20010
59046
49111
49817
53543
19095
41519
37406
45862
48158
51431
28709
16312
28112
49304
52601
38746
25181
68310
30058
42371
75644
06469
26278
39629
56647
30664
38374
15214
38047
90048
25047
74050
23838
38967
68015
30078
27822
75208
06373
80920
49770
65025
59435
15482
15557
38850
31316
60407
74820
10562
73455
26563
20882
53560
98557
36255
30291
74740
70607
89143
35653
17235
20686
89408
97481
56041
46570
39451
16876
02653
74008
56751
58620
01073
56633
43913
99702
41722
38356
12549
94599
55107
47356
54519
75855
21209
40507
38848
19145
60112
33433
33856
53045
30087
61570
07071
31064
40601
67658
04417
58843
31007
54442
53170
21641
32724
66739
57383
50571
30268
66060
48360
43788
29831
44114
73743
94552
04732
60554
65747
04863
39149
03231
38256
75203
29042
01367
29742
53960
38311
54152
67441
56267
46705
62899
00705
28758
70047
38462
51458
74555
44491
11697
38345
04032
74430
48866
44670
15626
84049
67071
43758
99588
11507
26349
14560
53093
24589
14865
78210
74943
68860
83832
20619
71082
44651
56218
24450
58344
43443
66509
72528
24581
46381
03582
20815
62230
25545
26206
14086
35210
67036
21722
04963
50220
23456
73026
41751
53504
95470
04275
15639
12522
70030
33334
28701
16699
22973
93660
31011
30557
38927
62949
15140
43560
92801
23083
50501
45647
14779
61553
38878
00754
37311
07111
18913
20158
12411
48729
14728
42028
71466
23307
71334
38771
55044
24316
43323
56662
55001
37228
56297
53132
29939
08720
52036
59918
88417
20009
57455
23828
48130
84321
82218
32504
40823
71969
03444
72166
94541
59648
80909
72376
74427
05454
21250
67733
11216
45631
18066
17980
44828
29356
65707
53179
58785
83706
41168
26148
61910
72846
26178
83803
70082
05442
17113
46783
39773
28466
85530
45346
17569
56347
67031
35049
48313
26705
43218
52208
12836
39059
51351
11550
46222
56659
07882
89086
29152
20129
02072
40979
84059
07027
67544
71052
42171
15725
33176
28609
32561
68759
28429
85708
24983
30092
97918
63080
42001
41010
02864
71060
40071
50225
75043
43463
14506
76527
06840
01603
12969
31034
55150
31552
47116
74733
44044
13797
29168
32503
45661
38076
44880
62824
68649
71218
30538
35746
33774
16849
97444
48710
22711
98418
91767
02457
61857
49232
15629
37043
53021
62223
01550
30012
38117
23357
11427
45807
57236
20658
80422
36201
37682
29207
66401
04677
59486
70510
08840
58466
01609
04757
12308
40118
55068
69135
85648
92585
22959
49791
54838
70427
12913
41666
15122
65409
78756
97759
13104
27942
15465
12839
16061
71254
40033
61759
55751
70452
57324
33022
48236
68182
35824
38834
13750
38141
54220
28456
32356
45002
35549
98592
18331
71295
78543
53176
58793
58051
93292
49235
73104
27816
01012
14718
68736
77038
57523
33129
14708
04107
15642
68305
45897
43532
08835
12884
17976
73647
42782
21795
33179
22841
63049
86443
20851
74850
17039
59832
49724
67578
25843
34711
75976
00771
62083
39823
85924
10589
18256
17961
37149
10603
66783
26851
30331
15762
33026
27260
32903
12788
12750
45330
75119
57255
63114
02917
24090
38316
11977
57543
35581
41015
91790
73446
58267
49821
17522
70749
40503
21013
14061
50231
70036
25624
11803
49434
70053
54548
37851
38614
34602
44903
53027
54141
92865
33813
03874
63361
72103
66506
25986
33559
01005
28644
03780
33990
36483
42649
38580
43824
40245
55006
57067
21251
19962
30034
49307
10154
00637
19072
03890
48473
45701
59059
70039
22553
34638
47514
60639
97905
68790
29667
60490
98396
05820
18051
25555
95370
03042
06033
73036
73554
19023
21838
50039
12752
04049
56686
23055
12139
13807
34243
30501
96065
47869
48417
14209
18517
72951
38647
50132
75682
41834
16033
62853
17302
47164
55375
23875
59414
02215
14854
38767
49720
59873
01070
71075
15744
55415
36069
25637
57078
06390
21601
15139
15717
96780
29434
66901
47859
04093
47441
62354
63039
01843
11952
46062
08341
65058
49078
15670
61764
23841
58017
38459
76261
46304
52164
68773
60089
36763
43116
08066
29301
23441
24729
56688
32720
84118
35633
61476
63112
27597
26276
17349
31790
58272
57621
75143
22611
00601
11228
48066
27563
66608
19114
48649
40075
18210
13077
24801
58323
44288
45382
41659
23011
16256
57045
64739
11758
75654
53074
58569
24593
58240
24580
15420
39119
11694
74567
68932
03249
15411
53195
23025
07036
44217
15136
62867
28159
27379
47581
50673
41810
00612
63121
25186
26218
73449
61802
28667
03055
23233
30360
64155
12407
48040
43102
31014
52307
31078
17970
15739
31787
20622
54474
12872
46635
57531
24503
66115
45229
74750
35611
18419
11368
29424
33405
74063
08350
27501
12170
08004
18443
41051
12833
28469
68644
58632
62671
78521
34205
55717
54747
16113
07624
61087
21048
35585
08550
56580
16743
06763
02538
17244
64831
36280
35045
17051
37643
18425
80755
60157
71019
06232
29571
73538
27292
53808
75555
55119
22723
12820
15365
27922
43786
47006
28621
55026
60081
07605
64734
72865
15486
46792
60534
47920
44021
60624
61720
40847
50108
30622
80546
48209
54406
63134
67546
61545
18470
18231
63942
15960
19945
59001
31092
64401
34741
16940
05065
38765
39567
61416
33603
70446
07860
79935
03221
50601
08042
44135
72601
45851
50435
07652
30576
48094
48624
38606
13404
54723
67879
30064
55314
40939
44708
14170
74558
50273
56680
37377
62831
85601
37037
62293
26036
89430
50110
48380
22488
85301
62887
35661
32565
45119
46340
65675
39170
54169
67066
13024
28705
18436
41776
58311
48509
55748
46804
55606
55444
02169
73032
65244
01094
50517
50650
37601
49091
57375
53572
75164
42712
44266
15692
26268
27946
36053
13325
41538
55128
55427
13902
12464
75236
29471
43836
04743
66611
63071
53826
44039
62704
51011
14569
55798
25639
31503
65774
71852
40404
50319
54463
05495
57644
30188
47885
48884
11767
43040
12811
67053
44659
12930
33147
66539
21871
33186
03224
30507
43535
16341
71950
52727
46060
43526
73548
66955
73551
73054
54568
68070
48760
13202
19933
05765
96769
48187
20716
15747
28733
15712
32618
63380
48813
50173
25085
73766
36049
38236
44224
16901
70043
48765
15711
15724
75243
37826
57553
53538
55814
39356
36790
49055
65742
10307
28021
36740
04786
15057
16352
70442
47140
39736
30477
10590
73726
18055
22646
75147
55340
10004
37801
63961
50009
26571
35771
73061
21161
02379
37086
24550
35575
14101
51357
27555
20230
19369
66946
13317
14809
46530
30176
16406
29016
10452
68382
70554
42462
29683
08006
37373
04056
52576
61081
21619
14085
34250
75247
56734
13614
17860
06479
25573
23004
33460
02655
12929
49716
50444
02368
07970
38334
65085
50859
45203
55926
54162
14261
27831
33437
62996
43727
32615
05841
30667
13827
38054
80643
19610
14818
58251
13131
64109
66833
91911
05767
68050
59640
63061
18612
24256
68801
32182
53183
74726
88253
37326
70576
35979
74826
29051
48445
55406
35443
66851
62946
18040
16937
59330
72828
62871
33036
11946
75009
72573
46408
55113
66622
66963
31037
06084
14850
80516
08073
64072
45658
29655
68766
22853
08003
72128
96793
37352
77461
56360
35032
10517
17103
28076
57626
03054
71461
14145
56009
17724
12414
56283
35005
63840
73108
47974
20006
11739
15455
30337
50588
35119
81647
17099
45831
30545
03259
72512
27582
10024
02839
18241
47135
91046
54817
20317
12302
35124
36559
54216
67628
32234
54140
44675
59471
21767
06460
19717
29038
40983
40313
67056
12421
45868
38543
61723
05091
19107
60473
62838
13645
30228
04988
44024
46818
28540
26534
31201
55812
27612
70660
56071
12475
45723
64089
49806
19150
50662
07928
10552
65034
10472
71411
40391
07456
68935
29924
61435
58054
59083
48740
39210
92697
60085
73086
67490
15857
28762
48309
68813
16868
49221
71601
53070
12601
27601
56536
83250
02632
28509
11949
99754
01368
27405
67901
35186
14879
41075
17810
19008
97041
41740
28527
46771
62040
68741
48462
44325
49119
36088
97865
29921
46237
73110
74028
01588
61419
56732
43136
63133
36572
42323
32072
68124
66748
17309
67144
19442
29907
62465
12528
63945
59353
81008
59324
65686
32744
96719
33574
12473
32601
20878
46123
75115
03840
83348
68505
29642
68824
16838
68437
02118
16360
47620
49925
67859
47922
71129
51038
32968
66861
10914
03470
91202
11003
62378
69143
79918
82432
34480
51052
54841
17223
29455
18015
01531
72083
47876
25443
14068
87515
71745
30707
28524
49129
27523
30149
90027
78163
37110
56017
75182
29851
93741
95811
75416
49838
12019
38631
75565
57321
57421
34203
17737
48165
34120
19027
62080
52203
58524
06377
42721
20771
27521
03595
18629
48221
48414
62344
50164
75074
46556
71107
50478
70076
24087
00688
13820
16828
23140
03256
45385
62094
48620
56143
16881
92140
15211
32063
59301
67761
63104
46311
18214
12746
76627
13842
97019
12095
47611
97603
36540
50129
51577
43435
23667
16160
66933
42743
13483
79403
59055
39601
35010
57012
72760
45887
51238
38108
07080
99644
30105
75494
49408
04468
33705
38488
71269
48316
50013
90230
98104
14847
32443
71043
22315
71772
47421
52334
62561
25251
20629
19472
65629
41348
48198
54210
25702
29828
62468
88052
04853
95492
38320
11226
17094
76247
13437
75662
59858
45673
59731
31810
27356
21631
28452
15502
45231
16140
72921
38748
56248
68421
27527
57024
22980
73120
13162
39338
17944
54739
55962
54416
54805
10932
61432
71434
36432
37338
81063
81248
95681
11545
28365
78263
40218
14605
75077
41554
37841
46142
24179
87112
77868
43016
43701
03765
73160
21791
54307
07074
50455
71226
58402
73022
79733
60402
39867
99764
14871
27928
62501
59070
85352
34116
63849
33073
45352
39347
14727
28479
30730
28790
33755
46219
52227
65653
43740
55305
68008
98270
38762
45062
41169
54904
47708
49967
49634
71367
15801
30601
68061
38930
20191
13117
17063
74646
13486
01452
95318
28785
57381
45848
71424
48933
02910
56590
27873
59212
02857
34759
61447
50054
52054
16638
73541
28211
21052
53508
73756
94575
62916
16680
51331
59016
30567
07675
18327
56174
74352
32816
18334
33570
72414
60060
19904
88025
01501
36110
04285
53501
12590
18219
50591
55925
16131
48193
17069
25507
45423
44452
59870
56252
20032
18073
18343
49242
45880
55302
01748
37082
48362
25630
11730
28718
04084
13620
45340
32174
50116
66411
36568
48461
40170
04570
93106
19151
05001
57756
05060
26210
28575
66413
75218
45011
11715
19437
62015
87101
50237
55047
25111
10007
63465
11747
00794
78933
03442
40157
54932
58043
14820
56481
67851
74106
13092
57722
46737
70377
37318
64082
12742
32514
12432
72703
05680
74035
14783
41825
00715
11557
38870
20783
43031
28394
02203
31826
32347
66937
53584
62205
28101
26451
14904
76462
53012
02451
35974
19053
25810
12136
69220
19518
38781
54480
40231
55079
35986
15440
36607
93501
57767
73425
61726
22204
03850
30273
68664
71653
15223
03743
58740
02066
05351
75571
12512
47339
33765
58282
29651
68769
07853
61060
50703
08251
19567
56074
15902
65786
57315
31562
36576
71832
33924
26323
60191
13648
55712
63439
55013
20603
05468
02149
99655
41831
49104
31601
56173
68745
54202
27703
35035
36663
04926
73047
61322
35072
12734
29847
14591
23513
26547
45406
24464
57005
46064
80302
54612
72351
43465
37016
04221
42086
07012
01430
04490
35766
23160
45369
99785
36081
77519
38876
70123
20748
23420
58701
46819
01267
13416
28108
60511
08021
37209
63648
45612
26852
55413
74741
83429
05040
40215
28358
33436
06023
36523
51573
24474
64437
03262
03907
59345
02125
06708
49066
07305
06439
89128
48025
72718
25262
54821
70715
53557
26377
25130
37762
05655
05904
16724
37051
38856
21676
39193
46147
57534
68460
45744
52041
04497
12987
23943
02808
20112
16438
08801
16137
26559
37048
72450
46036
23690
73562
14532
28135
04609
46165
04950
98908
43412
97535
06069
74434
18845
52158
40025
45619
58233
81325
62956
50123
18964
28613
73439
00718
31405
68944
13666
21659
67758
73012
98358
47366
54514
25057
87317
03868
67865
32754
62422
62983
62355
44406
60416
47591
23890
53090
16148
57636
70663
72168
32094
21672
64776
73073
26282
66756
44285
40514
65355
31796
58006
96757
11958
63967
54769
44641
67026
30630
14504
48435
49717
56461
28539
65501
02790
61871
57622
30802
28684
23870
37057
51047
54720
28721
23298
44514
36758
43451
56644
18701
18360
20052
12046
44102
63567
16692
45859
27851
08330
60131
72470
45372
12051
16424
29178
43556
15866
44841
68667
53078
56241
12303
28638
06782
10456
49663
39525
49329
49664
62571
44147
71667
97364
04217
68756
14739
02650
12180
41764
38475
80534
61235
20608
60169
25515
84646
43410
87723
19707
71646
39540
97321
74839
04039
34293
11209
72623
50032
27587
53525
63740
47964
35578
54560
62808
28150
16134
99129
47163
68733
70563
04630
08083
25971
49873
72628
17076
56186
62557
43080
52168
40830
06120
25431
15520
05746
13211
57248
47712
02138
26722
39563
23605
04250
40734
27217
21529
52647
57745
64068
49831
24442
63045
24167
17327
16677
71048
46922
68784
46936
47454
28720
48621
80012
49625
31303
12941
35749
67108
97432
06482
04666
34269
56063
72629
25204
23250
22938
25909
36029
36741
46763
65787
61254
54208
05033
62263
62681
04226
36854
75040
72001
87525
63665
75479
39702
37075
20612
16248
16664
67454
19422
52074
29031
48856
31041
77359
48111
04982
49709
55346
13835
74370
07102
26651
16125
13076
32132
64085
11365
42273
31632
28073
29335
27202
46366
21644
68073
15436
01907
45890
56312
21703
99208
36005
44120
26254
37335
46348
15345
99163
74883
47598
20017
42638
25832
51041
12429
30660
01905
05069
50514
29414
94587
06080
72030
68001
71009
47403
61370
71836
53168
59845
60146
47382
38057
40059
08210
33315
54302
55111
55073
99519
79510
17084
51010
56235
01908
23303
29590
01238
95957
17233
75643
96732
30297
33834
17920
04479
46545
06039
42501
12517
47457
12084
54619
71343
07833
95328
28787
48731
70465
06481
37919
54623
84755
03062
25048
49318
46961
47831
21061
98619
67584
83638
31707
21210
62056
60002
20854
75476
01543
59028
12546
12192
55430
43044
51453
61739
55439
33993
70546
61877
05043
72740
16020
48744
39363
22207
43062
58456
45118
23606
48138
50665
59418
21550
12086
32970
21560
55360
75050
15064
30619
25108
05350
29409
71630
26717
05652
51654
27695
37765
44306
53816
72204
40906
48233
05770
17720
14222
02561
48227
17815
51450
06066
61244
19130
41095
56120
26236
27605
17317
08069
12463
14150
24986
60030
48880
28314
67215
04553
24609
71325
14716
66760
13345
64076
19966
24141
54880
69121
44833
28262
35954
81149
33890
42124
53587
75088
67111
62642
25043
49284
62811
16821
32409
80615
75691
40517
70825
45042
72722
49063
23092
65024
04021
70549
56097
05734
71279
19375
68748
13475
37709
36375
49228
92003
21655
36009
12439
48084
25081
35160
60638
92066
01773
61748
54945
04027
83322
43150
05641
20646
68340
21231
07005
65672
30680
99018
07748
97844
58433
18844
40221
50166
49947
63052
50448
14302
89420
08628
55122
74571
58027
58380
67637
54470
54409
05071
01330
07068
80473
02052
29620
14481
68836
38080
26060
04449
06488
71104
84095
47362
99686
03303
10505
27045
31549
65632
43430
59526
25213
45213
05471
06890
67460
59452
83460
46540
37034
03084
08035
38652
24139
95946
02537
13440
33051
72391
07462
25124
47991
60123
49784
42211
67059
08085
83537
49948
77706
55436
55965
29448
15317
64116
49696
29485
62517
23662
43330
11234
77048
50035
99335
41714
12144
27803
26838
03768
33744
07663
25103
70003
02121
13860
58651
06089
68064
22969
13478
30753
52340
17952
74130
59829
46229
58425
63430
54829
00949
61074
59013
28906
62049
11787
61949
54855
14502
54025
12477
34762
50525
97641
32801
79247
99180
11770
38901
13155
15472
19428
52552
52347
68424
83218
72542
38478
67073
66508
38455
44809
44415
39203
74133
22305
15934
40020
27549
47383
45638
31814
01379
21036
70652
60476
27919
59318
18833
64834
32830
17215
27013
56026
27284
25245
48047
57314
61041
54670
59724
02467
12470
14805
10310
57354
62656
65464
67467
76902
63868
12430
62001
76040
52002
39652
06902
62626
31035
14551
23452
63656
65535
18651
18509
36041
02553
85045
65793
47025
61012
95065
26711
48184
49675
53048
02144
75081
30072
48192
68978
72916
35058
33031
36866
32805
49743
37306
61848
66846
28079
32776
21087
22737
23116
03901
50439
37922
46992
30106
41364
36480
68002
78733
39366
97107
42361
71674
12485
72165
16749
46582
62842
31641
71264
45314
12518
58212
21213
58638
14478
10301
62273
17080
54414
76371
15863
21156
24352
64724
29928
61458
40241
51525
17965
65281
70558
74867
89832
17060
60706
55433
80207
15459
28166
78055
64503
68321
45241
38844
71937
27043
17948
38506
57772
14753
36316
49962
34479
45389
18810
46913
07452
49836
15633
19801
22548
58229
01354
57264
57242
04110
18923
49655
25541
69037
74939
46051
63531
74931
28343
23336
52640
15076
73733
45874
50322
46902
45152
54452
28586
47147
46224
37140
49428
54111
64701
54005
48069
22722
30467
53811
06853
38923
24279
52044
73736
76119
08825
98280
27110
63343
71040
14111
19938
16647
10703
45155
03574
39328
69150
71826
25922
47035
11215
62434
17934
77018
36106
45743
34655
59929
49461
61263
54867
30274
68634
40046
26047
79376
58204
33550
30633
64848
08512
68938
23086
63036
55742
41310
66040
46778
48627
36082
65064
22191
04986
68455
02081
68947
70449
25234
11356
33778
53125
58310
52403
54636
34286
15072
59728
18946
39148
07044
19118
67364
67012
27847
63935
07676
14511
39423
12724
17840
62258
60969
30184
23866
15087
11106
24622
48738
55726
08320
54661
74146
74343
64658
16872
54759
64015
29133
16434
63964
73149
04451
26293
13662
41049
07050
23964
39750
23968
17981
47932
33702
00985
14030
62462
36870
68343
59625
77963
63601
71838
48051
49255
24846
04459
07934
50598
78252
01901
59230
07310
14715
19512
71303
46162
73720
17212
40385
30294
53007
11764
48173
04415
04978
42276
71652
27610
45827
24263
07439
54120
94128
24946
58789
59417
62573
42544
65456
32955
03448
47519
72058
22746
11514
08527
77977
13028
12585
62693
62688
38132
15301
60941
19941
61346
05149
66834
05455
60451
30441
39115
73041
23413
33527
37764
04605
49449
57763
59432
55793
22514
16802
12874
04945
08752
73141
34637
49101
43736
64019
62923
14755
04957
27707
97335
02777
42347
83203
15681
53130
44438
61486
78372
65338
29370
55765
29105
08345
65608
20732
04002
39047
63628
78029
42069
62366
14721
48335
14072
34112
39402
33037
66015
36858
28755
43439
52556
25943
56230
10541
67557
56114
75441
68843
56759
80246
55959
60502
62907
06790
76935
25560
30523
04864
40510
75558
49452
37178
35204
13606
45167
27935
38635
24569
58035
46216
70775
36583
33881
16056
74701
31057
72904
58058
27892
07924
37129
16244
19136
40228
43772
71835
63730
13904
03910
58031
15022
38363
13337
80742
97416
40203
28602
65560
50626
07093
25846
48203
61539
46103
64755
24984
68641
66035
66091
99733
12064
61441
30739
24413
92127
67227
38327
61744
18602
14752
06606
14742
64164
72519
35677
60525
61422
56036
23408
63147
73771
71230
64158
12944
46203
34772
26753
76693
32455
26366
43436
39662
29410
59087
29405
60109
65720
67457
48450
98051
58439
66417
66439
38581
55037
32640
25920
54726
51543
90716
72086
55602
19980
58047
03465
37738
37618
81635
03856
55769
59032
47327
04929
64640
65350
23937
39156
51651
58727
42602
15380
64420
45780
19056
24880
45459
74576
70789
54632
73662
34684
61535
13302
64433
13060
26501
42286
55382
49877
45380
98685
34448
56373
14898
30288
75472
33173
39350
61845
48093
56340
18642
84180
34951
48139
61929
21219
82412
43520
11430
16622
55085
67203
22181
36113
00953
70657
56001
15275
26761
54498
50150
62280
14466
59855
82001
79763
18944
15047
55787
83868
36453
53214
95691
42450
66554
66018
77428
39815
75232
08757
62325
88103
43144
44214
56060
90670
95823
08012
73566
72845
06787
63336
64481
97404
56473
54964
62999
69040
07054
46130
67003
13205
47446
28660
63873
19807
56350
64467
14837
24892
12791
44129
22025
92653
49749
68883
49341
53548
65806
16740
34231
58244
33840
62933
76953
56294
01118
15433
44620
47715
66442
67570
63775
16046
05764
47032
18505
18407
65711
71119
55733
01826
17073
14588
50327
71234
20868
72458
31829
52553
46166
13659
04342
03853
68777
01581
16948
45428
22947
77372
64119
18955
90503
14212
47108
44509
15282
55423
43719
61101
37806
46312
74339
57760
64484
38639
56384
73841
06247
04364
68368
20012
22728
41063
50853
20390
32439
40280
41001
26228
37069
72561
53563
05037
12489
49730
26886
65676
08533
41619
29860
57576
24165
31830
62878
31773
47438
62225
43945
24380
82731
44262
28664
23668
48657
59759
27051
72065
70782
30135
44721
49013
38042
18631
46702
62935
15949
19066
28730
33132
43332
68057
52046
65287
14055
54446
60628
94706
56684
36913
67450
70071
73749
25405
36562
65201
39217
84332
14617
32668
26374
57329
48243
84624
03456
02338
65789
32360
61063
36919
53916
60301
57002
57356
71952
20109
25977
23856
54527
60479
01344
32666
43947
10964
58853
60538
68441
18705
38721
67230
29320
48215
55756
68017
25504
41615
97834
47167
67850
44702
60064
73442
05868
20639
72576
06850
24871
42166
44843
65634
61361
31075
05154
47394
37317
12785
06117
80220
49282
04408
53559
27054
28216
48472
47929
10033
15821
15832
29437
33166
45140
23109
33401
49612
16116
54967
76831
02875
50143
43317
12186
61316
29461
39665
65048
38449
07033
23844
01468
31806
33138
12856
59842
73642
20818
66066
19403
23834
47522
14808
55612
74046
72832
02186
78415
32609
25266
19111
11103
71842
45106
69036
15552
29643
39094
30233
25853
30024
51534
15563
72941
77079
53031
57424
22435
04037
01560
73844
50830
56467
23915
56533
19372
11733
68406
75901
11040
33063
56088
21817
17048
46711
21776
60530
49618
59243
95671
10533
53922
37748
12723
56024
75709
06024
27101
38553
43981
18462
26104
37657
60966
67862
24484
33169
36033
42078
08089
26424
60958
23045
82942
42021
10026
50634
41124
70341
48811
52161
26151
29671
73860
68444
71045
07850
61842
75223
62835
05862
27504
15347
40965
43148
19464
73033
15237
30316
73526
64506
63103
04260
28712
10979
68623
20912
73654
32446
38379
70644
08323
33983
38221
33141
39097
42533
66434
13838
19043
06010
14467
30820
62521
84070
33066
66104
68452
64029
08738
10465
01854
30528
41018
30344
23130
53550
56623
10502
64840
27844
47833
84082
18626
28715
52759
84635
58544
13695
01257
32087
35978
69029
28746
14475
30340
10030
58230
16053
75568
15323
51243
56030
72099
75457
59319
64105
73747
45806
11420
33331
96747
11362
68967
37843
08558
32922
52231
49088
38585
54629
04010
19804
23236
78666
01338
07940
47142
62567
53581
46538
12862
65020
41222
06053
31213
01835
56724
14463
15682
52768
61851
41557
10973
20151
71065
37645
22508
53004
54022
68812
67482
07030
56021
30540
21557
14626
49007
43125
65732
45402
82327
84529
47978
68720
24340
98010
35127
01740
24019
41837
07104
70542
35131
15448
67209
71677
43951
52038
47720
29625
49437
37031
60403
80111
30180
32832
38560
29575
11414
40818
12837
17576
78745
53228
01022
17003
07737
59275
37028
72150
04539
67876
70732
07064
48847
05478
03235
58778
66714
29516
95595
46168
31001
52245
15601
57279
38040
76272
85008
14611
49864
46126
06450
72945
16503
32159
29934
43716
11378
49826
14894
49835
53546
05669
87939
55906
45147
51436
20064
28736
56027
67656
81136
22664
16678
18020
36875
36547
20670
57560
58722
64688
36092
55089
63736
01262
25011
44824
70770
24055
72466
60911
06001
48152
75962
29681
39631
16922
16635
65771
11955
50263
26739
48367
52201
81047
04346
79903
53578
12701
26241
28752
33960
06350
19133
21738
40958
48177
54639
61942
68314
29365
55810
68922
40212
65756
89113
35216
32460
66749
27040
43406
01077
55703
62523
08810
54761
35741
48014
04270
20319
46048
43502
17365
28089
61529
19492
78560
18195
71407
06260
38105
58580
37353
17951
42234
13367
43901
48006
05250
49031
44473
48505
27020
91601
15110
29451
07826
37363
30315
24322
50653
62476
57580
73569
45056
60469
76798
67631
04086
02056
16926
67356
08217
48341
18433
40144
20794
60805
10537
89815
68847
46106
48877
26447
47102
66858
21714
27889
97388
12196
32210
67510
82083
43748
57070
27305
62622
50240
38821
50558
23024
72745
72041
73501
33616
66720
97056
44403
13088
68110
92320
13044
43028
53097
30907
55110
28273
17020
05363
04669
65591
62219
13665
44411
11691
66064
01066
47552
34145
62601
40334
30423
99504
20874
71369
12933
46239
04660
14437
37074
91325
70507
12032
48228
58461
78572
65690
04985
56282
25654
55603
41558
49841
91367
49766
29125
64748
39335
10199
68458
46250
31071
62357
79326
61467
62531
61552
47525
83101
51537
70360
31018
42406
05487
08230
54213
39861
00959
62216
63017
15358
28460
21771
63458
71759
16639
64854
59868
17764
71957
06443
44333
57010
49861
50849
13638
39213
25958
49344
35112
14516
61325
47386
80101
01089
61078
49807
12074
05857
37345
68928
25021
69147
38753
64801
22534
44633
64643
04257
12442
42437
11790
61938
92626
47250
15901
26546
65778
42266
25868
54002
45719
59072
66546
31096
40464
53213
61462
01760
06498
45176
49420
30205
06525
37409
35647
47854
22842
10453
29527
02464
89020
59485
14109
76135
37315
64053
14608
59521
03451
73114
29346
58705
33513
19534
31546
48028
73068
24378
28642
14486
29684
06794
27507
32266
53932
64501
19001
53935
59467
17316
28694
52804
52317
15320
36580
02743
37923
32509
37934
60410
29432
74468
74010
52354
90303
62246
30173
43350
63555
25882
48324
12211
98817
54542
48840
24522
54230
75450
15202
28590
14411
53222
46001
50631
44866
51561
02885
32080
15937
25160
75025
46990
56321
61729
65604
47281
21903
01945
11371
58005
49783
98295
00920
24853
77484
33841
92401
77382
58445
47011
71483
46774
29138
39218
02666
06785
19529
11783
31833
22520
28520
30731
28128
12441
38550
99152
74038
04735
24292
75420
98503
24920
85364
29691
40843
31620
26287
50608
71485
73644
19541
25061
57061
77342
61201
01832
57050
05457
12482
20886
64093
24739
99927
45363
46998
17824
38452
41214
37166
49267
49668
50021
71638
04658
23168
29306
50061
54420
39426
39074
53963
32110
75658
17543
31543
01037
73064
52540
23401
08029
45351
60609
72937
40150
50677
06412
32320
71655
49659
79360
64455
02764
49854
49040
64655
48662
29730
28745
54896
27103
46356
73096
03077
45417
62540
17878
91405
34429
52079
53820
99826
62992
29341
30324
48426
53115
44695
62926
54981
57358
58061
53590
60102
35229
02647
63365
23837
49038
57426
55963
28104
73759
11933
23060
16856
61955
64770
11705
18104
35459
99565
42082
13731
29717
69348
75680
66041
58013
18619
12305
50044
20186
83670
27964
65439
50135
52351
24966
47119
63118
49910
63303
63447
35466
93534
37091
78631
42032
28572
63552
73002
30043
74561
14040
45333
58847
33629
71765
65255
14874
75226
03070
19956
56315
02835
52625
42741
65072
42518
66414
29835
40508
49301
72017
70654
54978
19383
36016
78017
35097
54486
58374
15616
36551
46835
59410
08887
68666
02301
21047
74534
21919
26631
51570
32935
29589
12871
30116
32083
04427
61455
18063
11579
33444
38367
15027
27841
67501
55389
58483
70584
60467
29696
07753
38666
72011
72567
51028
44425
61540
17532
23323
45871
25855
65649
58413
70586
38229
24430
48423
19462
47226
62903
94611
40927
16641
54984
57017
21666
33613
35906
21163
77204
11752
78832
19457
52756
49615
15010
74875
13320
75562
55710
16727
62520
47424
70358
05356
04047
15841
24421
40422
35958
64637
68018
17566
56224
15078
60194
58639
61319
46731
43971
22831
04412
71452
79081
90620
47161
72061
57043
62374
05151
95223
66753
03579
54491
75013
38863
63454
23920
16210
34987
35016
72181
28679
47633
38006
02703
66007
12976
60163
64427
02534
75019
48089
07921
52135
15090
17508
18969
07002
29033
64649
38461
85755
37380
56655
45158
15540
56528
52644
74423
58647
75167
72422
50643
18950
23350
52651
17888
18069
12495
68727
26521
40078
59823
11549
59444
73165
75488
26260
32066
38351
03827
48767
98946
23065
07762
62054
04042
12789
57386
45616
15340
06282
67431
49058
68315
06334
33711
48894
04238
13333
70740
40010
11590
46915
63834
27207
60073
60934
17030
43204
54937
69216
25851
50275
31753
25521
17880
35548
23831
29401
01060
64012
28207
33762
63068
58758
52321
72048
40741
32766
06777
27608
50835
34208
48432
73762
27978
04623
94929
11961
71864
29601
29384
66023
68127
66838
73761
14736
12769
53039
11203
49404
73938
75473
32052
16224
41181
63751
51001
30332
32579
42232
30809
58201
60606
12993
59915
36022
07424
37716
64673
73625
61359
75173
02493
58259
24850
49043
75067
03291
19031
20690
25002
04974
53949
26159
18054
14770
16239
62449
59540
72387
13323
07716
43025
35805
03885
13850
19350
49017
90064
50002
73001
30735
11023
38759
14623
59922
59020
61849
26169
31793
64784
36460
49417
34986
57014
46617
66951
60520
33785
61238
43004
54563
61874
43076
60436
08734
97738
49455
50133
03266
15444
31699
28670
33109
60652
12070
50668
48105
70726
15671
23226
25607
65340
61052
53955
17857
56354
41537
43505
74636
12958
17821
49507
05474
26348
44601
95542
47380
02114
56453
49458
82510
39735
62032
70750
24874
21093
44429
38953
53108
72736
62452
17844
98665
45775
29821
39144
31421
40807
29712
75703
72131
48420
05483
27295
20755
27231
36269
72645
48603
66217
18826
22849
28318
27106
48756
23502
44506
69132
28443
46563
55343
06092
55029
31823
17220
75603
57702
28039
58552
94114
07023
60041
24348
21861
26804
30039
08406
31727
17026
67452
49970
39645
63088
39739
33815
70812
43517
05761
35207
24085
02907
59076
01778
37025
42134
62868
25031
34433
44449
73620
75638
02481
08327
21056
30564
63011
22725
14139
47302
45502
07722
72651
65550
92832
61882
07403
76108
62941
32427
58346
33135
58472
42458
47542
47871
49679
04096
38118
59762
23139
16835
76849
58474
41727
17758
14004
78230
53805
44012
12564
17744
50201
61411
64430
12569
61701
21521
11439
48658
75144
68975
13350
95423
46069
66605
54009
08302
40355
15619
43007
38964
22480
33901
32141
55371
14227
39577
18244
70345
58801
49340
01095
56579
44874
58274
22554
43910
24834
05353
75428
15714
44902
22643
66742
56277
50578
66517
37145
43021
05836
70058
17010
57037
13623
00917
96109
32060
28386
62418
19154
48502
52223
01569
52591
39342
32811
55308
38578
58520
72435
53072
65250
61933
40813
20693
65725
73463
28657
41230
45714
30141
07977
48454
41531
57776
60920
60442
57744
47273
18070
57064
40324
70121
13031
59826
99774
62962
25703
68972
63625
73119
65783
38589
00962
69043
49637
01453
40868
53204
34797
67669
59748
27374
25315
74110
57246
69024
43336
59923
01201
96143
31568
16625
67864
17101
43071
67520
01243
06279
11417
24084
29351
51441
54742
56345
06105
21009
08015
56116
68952
15061
48216
70818
99140
63877
72531
65567
14802
35765
60503
33458
01440
71061
67401
99102
16050
33876
71238
64429
62558
72119
63368
15767
60113
46035
66031
82642
66425
28805
39056
96002
01341
49253
58540
44510
51645
66842
44310
59316
71439
60202
57448
04359
33771
17071
25501
38674
50544
36618
40763
68349
38851
60151
13425
30823
16301
37847
47516
47954
50217
01235
13632
98381
68730
44804
50840
78877
94963
28117
93272
17041
68004
75435
33635
00652
22640
33028
28023
07086
56449
27825
43543
07632
64868
15006
07660
44432
19020
73433
16428
22923
58352
66850
58049
38947
44241
65016
67554
23872
41630
86022
48728
72354
98144
67952
15084
21842
56376
38392
32709
67869
17042
49238
67844
63880
07733
67484
22578
13354
28562
54540
23509
29440
31024
36317
35565
60426
66422
48218
72412
38663
95043
58222
71110
43103
76664
75160
54658
08312
56524
67654
24211
62336
55374
28301
18045
32309
47265
75604
30512
59461
19555
93422
57449
48633
05445
55403
37064
42441
50671
54014
54082
88210
06250
40040
37189
13032
95407
60655
79010
03864
63622
75447
55952
80830
28582
62086
15222
12970
40815
18252
02357
29579
35150
45821
56044
62025
59720
33418
14775
95126
30214
08869
21612
30434
83610
63863
18820
38574
70438
83843
59339
35971
12453
48356
45205
03431
73019
98935
71326
50660
38241
15661
11553
13045
36003
38330
43343
36104
19038
19951
11010
45768
68620
29568
39482
64058
00728
12155
29843
02720
37691
40372
47933
15925
36268
26238
69166
63934
05439
15623
03281
66111
27954
48141
67751
33617
81030
88007
43567
52047
45779
93436
13166
64633
15344
54537
29560
26343
18818
92504
07058
62092
74901
40013
62275
43791
75140
46766
60129
07208
61542
79234
36925
66871
13083
32568
30177
48642
54961
70391
43739
65323
68627
00738
35078
02564
72338
08817
12024
32344
11565
00731
44111
45810
62638
57232
96119
51640
47966
01720
58442
40008
03104
02134
62460
29206
28435
94015
18340
15851
31649
55418
18355
47987
49895
51542
50424
30426
21045
60025
57429
22602
52224
32628
70090
08865
46124
25635
44638
75497
16254
49250
47963
62240
92307
49202
08831
06264
56264
27925
23422
61911
72461
56587
11231
04686
92536
35672
49796
38066
40997
04635
16260
30548
03106
15208
35022
30102
56329
10110
74954
60195
25312
48001
66616
72395
70580
14557
40339
63760
93043
29203
59008
15953
26138
74403
59735
69331
17601
97225
48076
67117
03748
19142
24536
27804
76449
41101
51528
63827
20896
49312
66073
65735
12561
44687
95460
08098
12140
64652
57528
59527
34753
50028
50119
28375
46392
58401
47654
71762
35491
50568
25007
06269
68825
39063
01346
03837
28515
71724
58559
24325
53216
65082
13833
26542
18235
31084
39483
00775
41821
44105
37078
32771
49686
36550
64145
32904
12531
54766
72479
75453
15377
61257
20560
23071
25653
65760
39751
67835
68462
71032
35810
23322
56568
15752
55324
54127
62888
16427
34240
12729
15760
46044
05086
15003
97630
55979
22942
70085
19562
50111
30553
03101
41501
58576
99553
50475
04576
50563
62960
38357
08822
52133
92604
18428
68981
55398
60438
38389
05682
54603
67345
64079
28103
37151
37060
17554
38007
05827
32204
71291
44906
48050
01255
83650
61525
25276
62022
92116
53961
14435
56744
30750
29842
22134
43046
19734
57660
15775
74452
57380
24161
12922
08830
08608
15689
75491
33922
24639
28681
61112
35951
57564
54724
47465
19970
57047
07083
57272
04781
11714
38961
04648
19735
78148
23147
50625
68764
24517
56336
67045
48843
74330
15126
52214
59643
93021
22044
28174
75109
49935
06604
22630
54227
56137
63433
04856
72546
16853
58563
28624
45112
55334
24565
72616
49903
02047
58644
44666
62938
32011
29481
01612
72640
74077
05907
39841
24244
46945
30726
60044
10996
27862
67062
03261
19438
38369
64112
43340
47138
62977
78384
16442
67206
18455
56207
16235
62089
98844
19702
32569
12501
50047
58074
44861
49853
68330
75254
10112
24817
16317
37774
49453
53802
54772
59601
22733
32343
28226
46323
57223
56518
12816
37142
67151
57439
12446
64832
52327
68520
67221
05774
63383
25918
75410
10709
31778
06906
22801
19061
49631
87144
50309
20250
58741
25506
29704
30257
66407
26430
74369
39440
45216
49347
63109
65320
82058
58565
35218
94030
32424
55975
60069
56210
07840
74042
67137
17778
05148
39152
72517
74020
45224
07204
21755
72455
03774
31544
97375
73173
63501
08095
35051
47925
38833
15562
74127
18101
95833
43433
58331
07746
13140
48101
58418
04254
57057
43963
11096
59477
52593
61913
02815
63472
25671
31207
47436
05072
32227
16613
47260
36695
79064
27510
44201
74833
75070
47344
33407
70512
76067
38002
89519
28332
33859
12418
68815
32541
53140
28308
23523
38839
65571
01535
65443
77089
38028
61367
35553
10001
59041
12721
50254
58384
59932
92084
27343
75054
25540
68588
21867
68131
19545
57274
38339
45033
56425
64865
92251
58237
74755
77008
64638
22652
59863
44030
04294
50602
32784
44818
24433
96027
60659
69141
56280
63376
98208
14024
59460
35601
33323
31903
66762
25904
08876
54847
49780
40356
98070
13368
01009
59079
15490
42217
43214
00622
64451
51531
36901
66208
48005
42156
51510
36351
71430
04006
86034
48310
55972
11221
46958
59215
63351
66109
48808
17729
44645
47994
56711
17864
60618
31637
03223
38487
45310
75462
79834
13114
89166
81123
37732
20676
91733
52050
19079
33530
67744
47946
04050
11563
17512
13493
24053
31333
39531
45130
10103
03590
27281
75105
56357
29582
29010
80447
25143
67140
67801
68950
47390
24282
26823
61018
43035
75022
17606
45804
52565
25036
55446
67149
05362
67736
36526
68879
04777
45894
13501
85020
42753
49628
01754
48640
95252
63431
13732
19711
61241
16121
10524
59711
51545
42633
06108
41562
08349
28783
04645
98244
25647
33714
72329
36766
12803
62012
24248
20905
28403
52314
13111
55449
27809
99622
30643
39167
07062
65284
14058
46779
36206
23117
21120
70422
08053
34758
70525
45884
44875
20722
75205
35116
15226
36471
40363
52136
04282
31623
11719
25813
43615
39175
46799
72332
26378
30650
61602
64065
38658
16933
00664
26810
50126
49303
04487
69351
22302
80930
63766
48190
12538
10548
30453
49335
48043
45697
57368
29554
37871
15205
13165
54666
04355
44003
57538
69360
12149
38740
04747
67583
67621
17504
16619
02460
07458
24843
56304
21915
26431
35096
13152
85634
07421
36853
36726
40536
54755
39272
28392
04493
05058
26671
52035
67437
48212
04970
15034
42349
52344
56128
60516
51058
90006
11976
43553
29488
72730
37885
13683
26408
02322
84038
63560
53554
57472
21853
62233
49076
70815
48081
50482
52155
02151
06029
49401
68661
38034
03860
61490
74845
46011
55364
33523
31820
31324
48464
34237
35594
61413
73857
43054
41092
14415
59456
45741
72579
29374
75574
36116
62035
52730
62674
78946
42101
26055
41164
45171
01921
27265
24487
18337
75694
20736
61778
17267
93950
32025
52237
26690
29429
04103
17362
13813
01050
29911
41006
14011
24237
73717
23947
10706
22437
35756
42053
40310
62819
46793
75058
60188
56442
52737
39648
47038
63932
72068
00692
27244
06512
47406
55723
15781
45628
16253
15612
40336
27958
33128
51342
49274
42120
16912
36750
27403
25676
16946
14711
45133
12060
58429
63047
98036
56273
04401
18439
65334
74651
64440
68514
70662
15220
24465
58492
15729
32571
10928
15962
62440
62629
83335
12459
36604
62288
04768
52660
73057
61930
26508
47451
70711
19533
25303
62711
51004
64620
25270
72634
13611
14561
93634
59729
38943
74016
72672
15550
65897
15665
85381
58770
52211
61037
08561
33919
46573
73092
50064
06072
01054
65583
20171
53085
38450
13790
12592
55350
58454
23126
32190
70651
44440
10916
30238
61738
65625
43010
45248
33637
64861
56363
32531
14861
18414
33319
28775
32606
41845
62846
14470
44243
57601
74359
37305
72080
31021
07009
51031
32951
35545
98855
31634
45142
47982
70363
60075
61044
70761
30606
58072
67625
18324
62818
65011
04448
56727
61483
46553
27357
26591
15537
11792
57077
14514
30054
62363
41262
24540
28725
38483
17061
11937
25705
24314
30473
08075
43619
11575
43542
04083
33905
43211
27313
02904
35136
50105
45694
03584
57268
90038
36371
64489
59336
02190
32927
08353
36032
17769
70065
43530
64102
45121
75156
12973
02093
52353
55455
58497
13420
65264
57649
19047
92675
02139
35235
95969
75061
29101
40209
23022
49736
16929
57548
67574
06456
61567
79261
38220
15686
53086
48122
41386
50622
62017
80434
31045
29916
41139
07843
63857
74759
32112
65622
55368
04227
25878
78594
56164
43084
95903
03847
32736
12492
71853
65215
34219
61277
25688
66780
62634
95524
75249
64668
00723
80809
82609
33414
37185
23032
48126
59010
60647
43914
16347
47666
21652
73117
38503
58748
65660
95735
45236
07444
64137
66533
79549
23879
60615
29058
77028
30076
68357
10963
44611
50276
50839
67523
13208
74022
13360
21787
47586
34610
48636
62690
41859
92350
29927
40065
73666
60612
74119
63748
03217
32792
43614
58009
35953
16412
49870
28056
60072
67671
13215
19538
21788
44109
81084
12121
60305
33947
45307
25421
45629
24375
53210
53103
50153
16334
30417
70067
41042
15945
48705
49893
15679
75669
61854
38641
14215
02021
34211
56117
26582
52171
63548
31768
16654
68067
53517
03278
77555
64477
92385
03052
31321
99744
13158
07704
29520
46235
62243
01506
24061
54771
51554
24563
39638
66777
12525
68144
43229
57040
35447
68371
19034
43733
31216
44068
37818
14065
27514
28902
60959
68966
17565
54652
61771
50020
12466
39039
21779
72368
32822
59745
65681
64491
43722
15656
85268
79780
39746
07852
14420
26264
66521
05776
78656
79093
36258
60542
05341
39826
35133
56437
19504
22903
73080
74056
82930
18976
88342
21536
35801
17581
65231
07878
45432
98632
36344
26134
49090
01031
12017
31774
54930
56563
33182
56083
85332
75413
48036
41735
13846
26030
32506
42332
84744
50006
51104
92054
11980
20659
89315
24604
71350
59636
50561
03561
48326
14221
63106
12208
71728
11423
33070
01850
67661
13736
59221
48725
58338
48872
54524
35042
73070
69361
50454
01028
15353
72824
31406
18816
28530
70310
33194
42027
65275
51346
66962
93925
01525
57055
17343
44035
35643
57433
54155
49261
08050
76565
30520
35989
75641
13630
22931
56762
15544
15234
35085
59464
07866
14544
55974
16123
41014
26034
12843
72756
47230
41840
47805
49881
36305
46939
08038
15531
66970
04253
54493
13617
29809
12124
13652
04418
73801
23430
23899
00627
79036
04349
37916
59530
46320
42037
32401
55354
24122
48182
48897
42262
28328
49097
72560
67336
48374
45252
17201
44232
21912
27518
70736
55945
23180
31049
80654
21130
22311
08741
38668
30830
19074
14218
79847
45326
08240
62052
27340
46385
02673
23434
14548
74363
46619
27973
55903
56715
41260
25235
44485
69026
18347
61048
55009
10547
07838
37912
55341
61839
46182
65646
67216
71847
58256
42160
53186
63350
24228
63347
72404
93551
15038
62323
44050
15327
72930
08502
16832
24527
13352
75214
14882
26074
30252
50657
61274
73077
65623
49424
15054
67120
38382
17507
54124
62547
17228
68137
32129
22213
72411
47501
49757
61754
59545
44084
65746
67476
87569
10018
25090
16374
57201
31537
01863
46741
48817
56150
25208
31520
33154
48871
10958
57226
56033
62367
18458
62347
02909
71105
56557
52076
54826
05660
45846
31705
60020
68961
25174
22206
40177
45501
72313
70394
25565
07026
71404
44662
24868
27712
18970
07418
28650
47918
05360
49270
51246
18088
54948
40456
56584
27876
35458
60505
60928
15478
17301
36587
27815
33585
02116
19358
50076
14008
60714
48239
38827
03601
53939
17404
40206
64498
91302
61284
24554
68637
25304
21402
49959
49644
38017
81434
73835
68653
35062
63874
20680
27884
02791
08618
27592
07306
30222
54655
55328
55412
57730
34736
45162
61324
79527
16601
21645
19139
27047
38950
64152
72530
18473
63770
20742
40946
63386
44255
48437
15331
07501
28340
53120
36862
73532
46030
71427
21626
64055
32179
36610
02176
43730
18847
29080
32003
54149
73007
52252
41571
27874
50160
52772
27923
40855
05344
35224
56201
35763
78132
16917
76435
54482
16855
16684
27976
71433
61548
47112
37725
62664
69335
72956
31558
21078
36475
13428
17249
13782
52580
63451
50465
14580
08060
28210
56629
49627
01240
33540
44117
68036
75002
04953
94946
31510
08553
12406
42159
15929
35476
01886
29172
13456
62815
40069
35650
50846
37367
15241
73932
22815
03253
56541
54642
06424
32169
76228
63005
43064
38232
61265
61421
06896
45245
53717
72322
41804
49279
48763
71447
02141
25063
05649
74136
57107
11224
17054
57648
28547
24957
58076
29543
61818
62830
29475
24224
14885
31730
30581
05654
25241
13143
55080
25981
24128
31524
54654
14445
20431
77536
05777
61750
10606
35504
50551
56326
11359
62424
72538
39743
50262
33610
72013
29332
72571
20892
08505
62340
67351
21236
11206
12193
62269
37770
45320
26291
50312
44844
45729
61103
27317
70754
50428
08544
66939
67361
71243
22039
13490
70647
12164
12849
68840
17408
33914
60143
53706
68850
47529
06114
55709
85255
03741
01097
13411
33708
15132
29046
49024
72447
29816
20904
52240
55066
55806
56048
28278
38021
11755
18225
01349
52752
08246
32336
07920
45209
72121
24649
37397
68504
58782
05201
44011
13635
25201
59069
29223
18465
53224
74871
15362
06752
71203
20861
17029
59037
74070
22654
68116
28610
60015
75686
18708
36776
15824
04537
07648
23320
46745
55922
28690
32195
48630
37692
26215
49247
32622
07760
29669
20119
49896
57371
03608
72134
65614
62685
58650
21668
32124
56466
04475
56228
40347
67039
72675
48836
19004
13673
13687
48383
48411
51249
53295
57212
73944
11740
39769
02038
29628
47174
17529
65667
30815
15468
25253
33624
36851
45339
68629
29209
45403
12936
00906
42764
51025
60603
03854
71354
15840
46917
70634
29104
72085
16028
22152
29003
68059
46301
41605
75154
45323
60172
49034
54648
60557
37687
83520
28453
15772
66080
12812
55388
72438
30312
13492
00915
06256
59421
04785
50674
77474
12998
36043
55615
48612
01515
62432
16734
45669
02644
17036
32351
23955
30757
19057
16670
32428
76087
14843
04563
49503
13699
28710
20762
41540
84027
30276
46226
55990
02914
50138
35903
31312
54531
70112
44608
57460
30108
26294
64040
18504
35759
11742
31004
55955
37396
23455
43158
24934
43414
33850
58761
53726
07871
01938
13774
60644
13080
12174
15081
23602
95624
16411
39044
49814
64742
46542
50102
52635
02717
65079
54626
60118
15120
98177
74429
62890
13756
18240
68740
33478
42337
25437
99633
68345
12766
60425
74963
66528
71465
65764
08401
29135
51232
32703
56469
36753
39464
58755
41651
27009
29943
56167
50575
27524
57788
54891
60924
72360
50586
43907
73048
53925
89034
48457
72003
55125
35559
01718
08052
21075
46072
86432
36345
61470
59715
30517
20746
52205
36784
30805
32277
01929
36454
13746
51638
24013
96015
15019
87583
18840
40440
10988
08243
36744
47640
50527
40007
84712
95306
12846
50682
51018
81522
24737
36769
59751
47562
67543
54113
40475
18901
06610
14541
44883
54403
56050
16055
38468
56570
01606
48063
13460
72383
62277
61031
44632
65326
50315
39534
29111
33566
41256
68833
77327
67008
15026
43106
02637
97495
49756
75202
45440
17834
92105
16655
54858
69129
36426
00745
46186
64463
74965
28144
63960
71322
04442
59446
69020
22820
50541
39851
27865
44278
72006
05262
08104
74530
57345
36312
37888
39206
35456
75495
83301
24136
37020
47429
49746
16143
57748
61817
12009
57657
83444
26726
75036
23314
05737
47578
50862
84540
36360
70130
85226
63826
61260
74171
68465
61334
61007
62864
27870
03871
08723
12189
56567
51433
37323
68925
28617
68434
93675
17240
42453
43771
73488
04090
73130
29708
59223
37641
48801
72584
73459
02540
64466
10509
93237
74766
64064
55040
14105
24719
26676
11930
80022
23081
58068
30113
61376
46402
18912
75098
21851
13655
10922
29801
19953
64661
45840
32466
50210
66054
21222
66026
21824
92264
10597
25826
08863
33015
61354
49053
41265
83626
72173
05081
68105
86315
05858
70455
72742
02760
45835
20841
54644
26767
47575
58733
61014
47834
17033
78101
48837
94564
20166
43777
65739
17023
56065
40003
70458
04626
67665
55320
17754
37929
58533
06359
49245
47123
11520
45869
51055
00766
62063
57031
98117
04761
35615
27966
38568
24607
61270
98256
64780
18657
23894
26386
62046
04547
11942
53714
72180
60631
71115
33470
61501
31031
37090
35542
08609
27819
14892
02350
72432
23887
98582
13786
46181
50269
64149
42354
18938
28083
39352
54557
29614
59313
52747
22911
72934
26330
04764
12108
33579
56628
33503
41085
32207
29510
65347
64494
53523
64746
08882
71660
47881
49321
51358
70420
62972
54426
50234
10992
71964
11968
44047
19453
15636
51549
66047
65590
42076
66959
55424
52653
94063
72926
74729
37332
28757
21665
62262
26764
56093
97522
73456
16331
48117
74442
12502
98315
42061
60439
61732
98331
31313
16371
44619
54554
26033
49201
30560
17009
29369
69354
72045
66542
21105
22731
57219
33473
62326
32714
30318
48134
65566
95005
65768
23112
48348
54736
14135
20634
19330
30284
55337
22946
89049
26452
47842
74631
19975
44622
44074
55025
93622
06254
25612
41135
02718
15778
90808
53569
02341
33853
34695
49651
66044
42722
72948
51248
52753
29840
28347
49412
62427
57342
29045
38115
65588
30008
11434
13068
12565
24070
38731
71419
18080
43447
65640
35572
27360
08026
24884
24530
59101
01247
47022
83272
12177
60088
68930
11796
68861
19475
58623
19030
75454
59034
16879
70114
59106
12092
16217
64423
55331
24112
53952
48750
05679
36035
50582
71933
12775
74962
84311
29062
38915
40402
37713
91007
93247
01564
17352
33759
01011
43932
48070
24849
17261
93221
25873
38680
21733
02641
27938
70669
16313
32643
49028
56170
47909
16153
29163
67353
43147
44614
15104
04920
01519
45039
87044
25667
32220
49917
47802
85173
52358
24901
56132
75778
55720
26436
30742
25915
60093
69347
71456
40486
16507
43326
61605
04942
11237
38301
77630
60913
33408
56515
44303
65661
91350
46928
69339
20565
45206
15627
45622
16040
02920
43342
58654
87010
18255
26587
58562
67050
16860
44654
54028
03817
51108
22964
38545
72331
52324
54750
33896
52362
49753
71822
46345
74562
13124
28305
29904
60455
63845
45431
06770
20837
17057
68763
75438
56153
72774
45219
74857
52639
58361
61011
37138
03048
75432
86331
65726
24862
60922
30217
45317
65337
71068
33126
62479
66966
41201
17983
10011
75933
69153
56667
51237
66012
54455
70148
73067
01109
97880
05056
26354
56260
43964
28040
61345
73051
80459
96705
24529
15963
25009
22845
70809
26440
44139
18463
08690
64133
95553
61054
32948
72125
28630
58243
44202
97130
24368
21710
29154
60910
63056
04066
20132
19344
63769
16036
64648
23885
24657
56553
79106
04739
18706
43462
17045
46526
63389
70777
27314
54157
45681
60553
43110
71275
65803
46514
48168
15043
87539
95935
85118
47551
63130
41231
86003
64446
67232
65330
03045
37191
43986
51366
58784
72679
16841
33306
15423
15673
72524
02825
12156
60607
10594
57117
04074
28367
28478
46278
61751
55983
13041
76637
87032
29676
21649
48722
53144
70788
10474
19075
31052
28635
35091
17742
30535
31626
41366
36505
99348
07013
36251
04461
13753
25162
74637
22824
53803
73669
18636
99005
67427
68717
67333
30572
70733
45750
49913
28631
21810
23702
35961
01532
05840
49426
65061
24915
12028
95709
31781
66763
43232
17356
65618
37134
61479
67730
22033
46971
85719
08640
17938
21113
28447
15015
74084
24225
18077
71901
44132
66524
24813
45378
53037
37350
33440
02343
06755
12759
27572
70515
34983
32208
53225
39837
57034
43005
62319
75706
75751
75755
75758
75762
75765
75771
75779
75783
75788
75803
75835
75840
75846
75849
75852
75856
75860
75865
75925
75929
75932
75935
75938
75942
75946
75951
75959
75966
75972
75975
75979
76002
76008
76011
76014
76017
76028
76034
76039
76043
76049
76052
76055
76060
76064
76073
76082
76086
76092
76103
76106
76109
76112
76116
76126
76131
76134
76140
76164
76180
76203
76208
76225
76234
76240
76245
76249
76252
76258
76262
76265
76268
76302
76308
76311
76357
76364
76367
76372
76377
76384
76426
76430
76433
76437
76443
76446
76450
76454
76458
76466
76471
76475
76483
76487
76501
76511
76519
76523
76531
76538
76542
76548
76554
76559
76566
76570
76574
76598
76622
76626
76629
76632
76635
76638
76641
76645
76653
76656
76661
76666
76671
76678
76681
76686
76690
76705
76708
76712
76802
76823
76827
76832
76837
76844
76854
76858
76862
76866
76871
76874
76878
76884
76888
76905
76930
76934
76937
76941
76950
76955
77002
77005
77011
77014
77017
77020
77023
77026
77029
77032
77035
77041
77044
77047
77050
77054
77057
77060
77063
77066
77072
77075
77078
77081
77084
77087
77090
77093
77096
77303
77316
77326
77331
77336
77340
77345
77351
77356
77363
77367
77371
77374
77377
77380
77384
77388
77401
77417
77420
77426
77430
77433
77436
77441
77444
77447
77454
77457
77460
77465
77468
77471
77475
77478
77481
77488
77494
77503
77506
77511
77517
77520
77530
77533
77541
77547
77554
77561
77564
77568
77575
77580
77583
77591
77611
77614
77617
77623
77627
77632
77650
77656
77663
77701
77705
77708
77802
77808
77833
77837
77845
77859
77864
77867
77872
77876
77880
77904
77951
77960
77969
77973
77976
77979
77984
77988
77993
78001
78004
78010
78013
78016
78021
78024
78027
78039
78043
78046
78058
78062
78065
78069
78072
78075
78102
78108
78112
78119
78123
78130
78140
78143
78146
78150
78154
78160
78202
78205
78209
78212
78215
78218
78221
78224
78227
78233
78236
78239
78243
78247
78250
78253
78256
78259
78330
78338
78341
78344
78351
78355
78359
78362
78369
78375
78379
78383
78387
78391
78402
78406
78409
78412
78418
78503
78520
78535
78538
78541
78545
78549
78557
78563
78566
78570
78574
78577
78580
78584
78588
78591
78597
78602
78607
78610
78613
78616
78619
78622
78626
78634
78638
78641
78644
78650
78654
78657
78660
78663
78671
78675
78681
78703
78712
78721
78724
78727
78730
78736
78739
78744
78747
78750
78753
78757
78801
78828
78836
78839
78842
78851
78861
78872
78879
78883
78886
78938
78942
78945
78948
78951
78956
78962
79002
79007
79013
79016
79021
79025
79031
79034
79039
79042
79045
79056
79059
79063
79066
79072
79079
79082
79085
79088
79096
79101
79104
79108
79111
79121
79220
79226
79230
79237
79241
79245
79250
79255
79258
79311
79314
79323
79331
79342
79345
79350
79355
79358
79363
79367
79371
79379
79382
79402
79406
79411
79414
79423
79502
79505
79517
79520
79526
79529
79533
79536
79539
79543
79546
79560
79563
79567
79603
79607
79703
79707
79718
79721
79738
79742
79745
79752
79756
79761
79764
79769
79776
79783
79789
79832
79836
79839
79845
79848
79852
79855
79906
79911
79916
79922
79927
79932
79936
80003
80007
80015
80018
80021
80024
80027
80033
80102
80105
80108
80116
80120
80123
80126
80129
80132
80135
80138
80204
80211
80215
80219
80222
80226
80229
80232
80235
80238
80260
80290
80301
80304
80401
80420
80423
80426
80430
80438
80442
80446
80449
80453
80456
80461
80466
80469
80476
80480
80483
80501
80510
80514
80517
80524
80528
80537
80542
80545
80549
80602
80611
80620
80623
80634
80646
80650
80653
80705
80722
80727
80731
80734
80737
80745
80749
80754
80758
80802
80807
80810
80814
80817
80823
80826
80829
80832
80835
80860
80863
80903
80906
80913
80916
80919
80922
80925
80928
80938
81001
81005
81021
81024
81029
81036
81041
81045
81049
81054
81058
81069
81076
81082
81089
81092
81121
81124
81128
81131
81140
81144
81148
81152
81201
81212
81222
81225
81228
81237
81241
81244
81252
81303
81323
81326
81330
81334
81413
81418
81423
81426
81429
81432
81435
81504
81507
81525
81601
81612
81621
81625
81632
81637
81640
81643
81650
81654
81657
82007
82051
82054
82059
82063
82073
82201
82213
82217
82221
82224
82229
82243
82310
82323
82332
82336
82411
82420
82423
82430
82433
82440
82443
82514
82520
82604
82630
82636
82639
82643
82648
82710
82720
82725
82730
82801
82833
82836
82839
82845
82923
82934
82937
82941
82944
83011
83014
83110
83113
83116
83123
83127
83202
83209
83212
83215
83220
83226
83232
83238
83243
83246
83252
83255
83263
83274
83278
83285
83312
83316
83321
83324
83328
83333
83336
83340
83344
83352
83355
83404
83420
83423
83427
83431
83435
83440
83448
83451
83455
83463
83466
83469
83522
83525
83533
83541
83544
83547
83552
83555
83605
83611
83616
83622
83629
83633
83637
83641
83644
83647
83651
83656
83661
83677
83702
83705
83712
83716
83801
83804
83808
83811
83822
83825
83830
83834
83837
83841
83844
83847
83850
83857
83861
83867
83870
83873
84001
84004
84007
84010
84020
84023
84026
84029
84033
84036
84039
84042
84045
84052
84055
84058
84061
84064
84067
84071
84074
84078
84085
84088
84094
84097
84102
84105
84108
84112
84115
84121
84128
84150
84302
84306
84309
84312
84315
84318
84325
84328
84331
84334
84337
84340
84403
84408
84511
84520
84523
84528
84531
84534
84537
84542
84604
84621
84628
84631
84634
84637
84640
84644
84647
84651
84654
84663
84667
84711
84714
84718
84721
84724
84728
84731
84737
84740
84743
84746
84750
84753
84756
84759
84762
84770
84774
84779
84782
84790
85006
85009
85014
85017
85023
85027
85031
85034
85040
85043
85048
85053
85085
85121
85128
85135
85139
85142
85147
85191
85194
85203
85209
85213
85225
85234
85249
85253
85256
85259
85263
85283
85295
85298
85303
85306
85309
85321
85324
85328
85335
85338
85341
85344
85347
85350
85353
85356
85361
85371
85375
85379
85383
85390
85396
85531
85534
85539
85545
85551
85554
85603
85607
85610
85614
85617
85620
85626
85630
85633
85637
85640
85645
85650
85658
85705
85711
85714
85718
85723
85730
85736
85741
85745
85748
85901
85912
85923
85926
85929
85932
85935
85938
85941
86011
86017
86021
86024
86029
86032
86035
86039
86043
86053
86303
86314
86321
86324
86327
86332
86335
86338
86406
86413
86431
86434
86437
86441
86444
86503
86506
86514
86535
86544
86556
87004
87007
87011
87014
87017
87024
87027
87031
87035
87038
87042
87045
87048
87052
87062
87068
87083
87104
87107
87110
87113
87117
87122
87305
87312
87316
87320
87323
87327
87357
87375
87410
87418
87421
87499
87506
87510
87513
87516
87519
87522
87529
87532
87538
87543
87548
87552
87556
87560
87565
87575
87579
87582
87710
87713
87718
87724
87730
87733
87743
87747
87752
87820
87824
87828
87831
87930
87935
87942
88002
88005
88009
88020
88023
88026
88029
88038
88044
88047
88051
88055
88063
88081
88112
88115
88119
88130
88135
88203
88230
88240
88250
88254
88260
88264
88311
88316
88321
88325
88337
88340
88343
88346
88349
88355
88411
88416
88419
88424
88430
88435
89001
89004
89012
89015
89019
89022
89027
89031
89039
89043
89046
89060
89074
89085
89102
89106
89109
89115
89119
89122
89131
89138
89142
89145
89148
89158
89169
89183
89310
89318
89403
89406
89410
89413
89418
89421
89424
89427
89434
89438
89441
89445
89448
89451
89501
89506
89510
89557
89704
89801
89821
89825
89830
89833
89883
90003
90010
90013
90016
90019
90022
90025
90028
90032
90035
90041
90044
90047
90052
90058
90062
90065
90068
90073
90201
90212
90222
90240
90245
90249
90255
90263
90270
90280
90292
90302
90305
90403
90501
90504
90601
90604
90630
90639
90660
90701
90706
90713
90717
90731
90742
90755
90804
90807
90813
90822
91001
91008
91016
91030
91104
91107
91201
91204
91207
91214
91303
91307
91320
91331
91342
91345
91352
91356
91362
91371
91384
91401
91423
91502
91506
91604
91607
91702
91709
91722
91730
91740
91745
91750
91755
91762
91765
91768
91775
91784
91801
91902
91910
91914
91917
91934
91942
91950
91977
92008
92011
92020
92025
92028
92037
92055
92058
92061
92070
92078
92083
92091
92096
92103
92106
92109
92113
92119
92122
92126
92129
92132
92136
92145
92155
92179
92220
92225
92231
92236
92241
92249
92252
92256
92259
92268
92274
92277
92281
92284
92304
92308
92311
92315
92324
92328
92335
92338
92342
92346
92352
92358
92364
92373
92377
92384
92389
92394
92398
92404
92408
92415
92507
92518
92532
92543
92548
92553
92561
92567
92582
92590
92595
92603
92610
92617
92624
92627
92637
92648
92657
92662
92673
92677
92683
92692
92701
92705
92708
92805
92808
92831
92835
92843
92860
92866
92869
92880
93001
93010
93015
93023
93035
93041
93060
93065
93101
93110
93201
93204
93207
93212
93219
93222
93225
93230
93240
93243
93246
93250
93254
93257
93261
93265
93268
93277
93285
93291
93304
93307
93311
93314
93405
93409
93427
93430
93434
93440
93444
93449
93452
93455
93461
93512
93516
93519
93524
93528
93531
93535
93543
93546
93554
93560
93563
93601
93604
93608
93611
93615
93619
93625
93628
93633
93636
93640
93644
93647
93651
93654
93665
93668
93673
93702
93705
93711
93722
93726
93730
93906
93920
93924
93927
93932
93943
93953
93960
94005
94020
94024
94028
94038
94043
94061
94065
94074
94086
94105
94109
94112
94116
94121
94124
94129
94132
94158
94306
94403
94502
94506
94509
94512
94515
94518
94521
94531
94535
94539
94544
94547
94550
94553
94558
94561
94567
94571
94574
94577
94580
94585
94588
94591
94596
94603
94607
94610
94613
94621
94704
94707
94710
94803
94904
94923
94928
94931
94938
94941
94947
94951
94956
94970
94973
95004
95007
95012
95017
95020
95032
95037
95050
95054
95064
95070
95076
95112
95117
95120
95123
95129
95132
95135
95139
95202
95205
95209
95212
95220
95226
95230
95233
95240
95246
95249
95253
95257
95303
95310
95313
95317
95320
95323
95326
95329
95334
95337
95348
95354
95357
95361
95365
95368
95372
95376
95380
95388
95401
95405
95410
95417
95421
95425
95428
95431
95441
95444
95448
95451
95454
95458
95461
95464
95467
95476
95485
95490
95494
95503
95519
95525
95528
95537
95546
95549
95552
95555
95559
95563
95567
95570
95585
95603
95606
95610
95614
95618
95621
95625
95628
95631
95637
95640
95645
95650
95653
95659
95662
95665
95668
95674
95677
95680
95683
95686
95689
95692
95695
95699
95715
95721
95728
95742
95757
95765
95814
95817
95820
95826
95829
95832
95835
95841
95864
95910
95914
95917
95925
95929
95934
95937
95941
95944
95947
95950
95954
95960
95963
95968
95971
95974
95978
95982
95986
95991
96007
96010
96014
96017
96021
96024
96028
96032
96035
96044
96048
96052
96056
96059
96063
96067
96071
96075
96086
96090
96093
96097
96104
96107
96110
96113
96116
96122
96125
96129
96133
96136
96141
96145
96150
96701
96708
96713
96717
96722
96727
96730
96734
96740
96743
96750
96753
96756
96760
96763
96766
96770
96773
96777
96783
96789
96792
96796
96814
96817
96820
96825
96850
96863
97003
97006
97009
97014
97017
97020
97023
97027
97033
97037
97040
97045
97050
97054
97057
97062
97065
97080
97101
97106
97109
97112
97115
97118
97122
97125
97133
97136
97140
97145
97148
97202
97205
97209
97212
97218
97221
97224
97229
97232
97239
97267
97303
97306
97325
97329
97333
97338
97343
97346
97350
97355
97360
97367
97370
97374
97377
97381
97385
97389
97392
97401
97408
97412
97415
97419
97424
97430
97434
97437
97441
97448
97451
97454
97457
97461
97465
97469
97473
97478
97487
97490
97494
97497
97501
97504
97523
97526
97531
97538
97541
97601
97620
97623
97626
97632
97635
97638
97703
97710
97720
97730
97733
97736
97739
97751
97754
97801
97813
97818
97823
97826
97830
97835
97838
97841
97848
97857
97864
97868
97873
97876
97882
97885
97902
97908
97911
97917
98001
98004
98007
98011
98019
98022
98028
98031
98034
98038
98042
98047
98052
98056
98059
98075
98092
98103
98106
98109
98115
98118
98122
98133
98154
98164
98174
98188
98199
98204
98220
98223
98226
98236
98239
98243
98247
98250
98253
98257
98261
98264
98273
98276
98279
98282
98286
98292
98296
98304
98311
98323
98327
98330
98333
98337
98340
98346
98351
98355
98361
98364
98367
98371
98374
98377
98382
98387
98391
98404
98407
98416
98422
98433
98443
98446
98466
98499
98512
98520
98527
98531
98535
98538
98542
98547
98552
98560
98564
98568
98571
98576
98580
98583
98586
98589
98596
98602
98605
98609
98612
98616
98620
98624
98628
98639
98642
98645
98649
98660
98663
98670
98673
98682
98802
98813
98816
98821
98824
98828
98831
98834
98840
98847
98850
98853
98857
98860
98902
98921
98925
98932
98938
98941
98944
98948
98952
99003
99006
99011
99014
99021
99025
99029
99032
99036
99040
99103
99110
99114
99121
99124
99128
99131
99135
99138
99141
99146
99149
99155
99158
99161
99167
99171
99176
99181
99202
99205
99217
99224
99301
99322
99326
99330
99336
99341
99345
99352
99356
99360
99363
99402
99502
99505
99508
99516
99546
99549
99552
99555
99558
99563
99566
99569
99573
99579
99583
99587
99590
99603
99606
99609
99612
99615
99625
99628
99632
99635
99638
99641
99645
99649
99652
99658
99661
99664
99667
99670
99674
99677
99680
99683
99690
99693
99701
99704
99707
99714
99722
99725
99729
99737
99740
99743
99746
99749
99752
99755
99758
99761
99767
99770
99773
99776
99780
99783
99786
99790
99820
99830
99835
99841
99903
99921
99925
99929
